4
-10
450
60

4
50
450
60

4
110
450
60

4
170
450
60

4
230
450
60

4
290
450
60

4
350
450
60

4
410
450
60

4
470
450
60

4
530
450
60

4
590
450
60

4
650
450
60

1
710
450
60

1
770
450
60

1
830
450
60

4
1010
450
60

4
1070
450
60

4
1130
450
60

4
1190
450
60

4
1250
450
60

4
1310
450
60

4
1390
1200
20

4
1430
450
60

4
1490
450
60

4
1550
450
60

4
1610
450
60

4
1670
450
60

4
1730
450
60

4
1790
450
60

4
1850
450
60

4
1910
450
60

4
1970
450
60

4
2030
450
60

4
2090
450
60

4
2150
450
60

4
2210
450
60

4
2270
450
60

4
2330
450
60

4
2390
450
60

4
2450
450
60

4
2510
450
60

4
2570
450
60

4
2690
450
60

4
2750
450
60

4
2810
450
60

4
2870
450
60

4
2930
450
60

1
3040
500
100

7
3090
390
30

4
3170
450
60

4
3230
450
60

1
3320
450
60

1
3350
450
60

1
3410
450
20

4
3470
450
60

4
3530
450
60

4
3590
450
60

4
3650
450
60

4
3710
450
60

4
3830
390
60

4
3950
330
60

4
4070
450
60

4
4130
450
60

4
4250
390
60

4
4370
330
60

4
4490
450
60

4
4550
450
60

4
4610
450
60

1
4670
450
60

1
4730
450
60

1
4790
450
60

4
5150
450
60

4
5210
450
60

4
5270
450
60

4
5330
450
60

4
5390
450
60

4
5450
450
60

7
5550
450
40

7
5690
450
40

4
5750
450
60

4
5810
450
60

7
5910
450
40

7
6050
450
40

4
6110
450
60

4
6170
450
60

4
6230
450
60

4
6290
450
60

4
6350
450
60

5
6410
380
70
Si

4
6470
200
60

4
6470
140
60

4
6470
80
60

4
6470
20
60

4
6530
450
60

4
6590
450
60

4
6650
450
60

4
6710
450
60

4
6830
390
60

4
6950
330
60

4
7070
450
60

4
7130
270
60

4
7130
330
60

4
7130
390
60

4
7130
450
60

6
7190
40
70
No

4
7250
450
60

4
7310
450
60

4
7370
450
60

4
7490
390
60

4
7610
330
60

4
7730
450
60

4
7850
390
60

4
7970
330
60

4
8090
450
60

4
8210
390
60

4
8330
330
60

4
8450
450
60

2
8510
390
60
Si

4
8630
20
60

4
8690
20
60

4
8810
80
60

4
8930
140
60

4
9050
80
60

4
9170
20
60

3
9230
80
60
No

4
9290
450
60

5
9350
400
60
Si

4
9410
450
60

4
9470
450
60

4
9530
450
60

4
9590
450
60

4
9650
450
60

4
9710
450
60

4
9770
450
60

4
9830
450
60

4
9890
450
60

4
9950
450
60

4
10010
450
60

6
10070
80
60
No

4
10130
450
60

4
10190
450
60

4
10250
450
60

4
10310
450
60

4
10370
450
60

4
10430
450
60

4
10490
450
60

4
10550
450
60

4
10610
450
60

4
10670
450
60

4
10730
450
60

4
10790
450
60

4
10850
450
60

4
10910
450
60

4
10970
450
60

4
11030
450
60

4
11090
450
60

4
11150
450
60

4
11210
450
60

4
11270
450
60

4
11330
450
60

4
11390
450
60

4
11450
450
60

4
11510
450
60

4
11570
450
60

4
11630
450
60

4
11690
450
60

4
11750
450
60

4
11810
450
60

4
11870
450
60

4
11930
450
60

4
11990
450
60

4
12050
450
60

4
12110
450
60

4
12170
450
60

4
12230
450
60

4
12290
450
60

4
12350
450
60

4
12410
450
60

4
12470
450
60

4
12530
450
60

4
12590
450
60

4
12650
450
60

4
12710
450
60

4
12770
450
60

4
12830
450
60

4
12890
450
60

4
12950
450
60

4
13010
450
60

4
13070
450
60

4
13130
450
60

4
13190
450
60

4
13250
450
60

4
13310
450
60

4
13370
450
60

4
13430
450
60

4
13490
450
60

4
13550
450
60

4
13610
450
60

4
13670
450
60

4
13730
450
60

4
13790
450
60

4
13850
450
60

4
13910
450
60

4
13970
450
60

4
14030
450
60

4
14090
450
60

4
14150
450
60

4
14210
450
60

4
14270
450
60

4
14330
450
60

4
14390
450
60

4
14450
450
60

4
14510
450
60

4
14570
450
60

4
14630
450
60

4
14690
450
60

4
14750
450
60

4
14810
450
60

4
14870
450
60

4
14930
450
60

4
14990
450
60

4
15050
450
60

4
15110
450
60

4
15110
390
60

4
15110
330
60

4
15110
270
60

4
15110
210
60

4
15110
150
60

4
15110
90
60

4
15110
30
60


2
700
300
50
Si

4
720
20
60

4
780
20
60

4
840
20
60

4
900
20
60

4
960
20
60

3
1000
120
50
Si

5
1800
300
50
Si

6
2670
80
50
No

4
2600
370
60

4
2600
310
60

4
2600
250
60

4
2600
190
60

2
2800
350
50
Si

5
2870
120
50
Si

6
2930
350
50
No

2
3230
350
50
Si

4
3290
20
60

4
3350
20
60

4
3410
20
60

4
3410
80
60

3
3420
140
50
No

2
4600
350
60
Si

4
4670
20
60

4
4730
20
60

4
4790
20
60

4
4850
20
60

4
4970
80
60

4
5090
140
60

3
5150
170
60
No
