
4
200
400
60

4
300
300
60

4
400
200
60

4
500
100
60

4
600
200
60

4
700
300
60

4
800
400
60

4
900
500
60

4
960
500
60

4
1020
500
60

3
1050
400
60
Si

4
1080
100
60

4
1140
100
60

4
1200
100
60

4
1200
100
60

4
1260
100
60

4
1320
100
60

4
1380
100
60

4
1440
100
60

4
1500
100
60

4
1600
200
60

4
1700
300
60

4
1800
400
60

4
1900
500
60

4
2000
400
60

4
2100
300
60

4
2200
200
60

4
2300
300
60

4
2400
200
60

4
2500
300
60

4
2600
200
60

4
2700
300
60

4
2760
300
60

4
2820
300
60

4
2880
300
60

5
3000
350
60
Si

4
3100
200
60

4
3160
200
60

4
3220
200
60

4
3280
200
60

4
3160
400
60

4
3220
400
60

4
3280
400
60

4
3340
400
60

4
3400
400
60

4
3460
400
60

4
3520
400
60

4
3340
100
60

4
3400
100
60

4
3460
100
60

4
3520
100
60

4
3580
300
60

4
3640
300
60

4
3700
300
60

4
3760
300
60

4
3820
300
60

4
3160
600
60

4
3220
600
60

4
3280
600
60

4
3340
600
60

4
3400
600
60

4
3580
500
60

4
3640
500
60

4
3700
500
60

4
3760
500
60

4
3820
500
60

4
3900
90
60

4
3900
280
60

4
3900
340
60

4
3900
400
60

4
3900
460
60

4
3900
520
60

4
3900
580
60

6
4100
150
60
No

4
4200
500
60

4
4260
500
60

4
4320
500
60

4
4380
500
60

4
4440
500
60

7
4560
470
30

7
4660
440
30

7
4760
410
30

7
4860
380
30

7
4960
350
30

2
5100
400
60
Si

7
5160
150
30

7
5260
180
30

7
5360
210
30

7
5460
240
30

7
5560
270
30

3
5650
200
60
No

4
5700
400
60

4
5760
400
60


4
5820
400
60


4
5880
400
60

4
5940
400
60

2
6090
470
60
Si

4
6120
350
60

4
6180
350
60

4
6240
350
60

2
6380
230
60
Si

4
6430
350
60

4
6490
350
60

4
6550
350
60

5
6600
300
60
Si

4
6800
450
60

4
7000
250
60

4
7050
400
60

4
7140
350
60

4
7210
150
60

4
7300
250
60

4
7350
150
60

4
7400
450
60

4
7500
450
60

4
7560
400
60

6
7650
200
60
No

4
7660
300
60

4
7720
300
60

4
7780
300
60

4
7840
300
60

4
7900
300
60

4
7960
300
60

4
8020
300
60

4
8080
300
60

4
8140
300
60

4
8200
300
60

4
8260
300
60

4
8260
240
60

4
8260
180
60

4
8260
120
60

4
8260
60
60

4
8260
0
60